# name: debug
# type: sparse matrix
# nnz: 3600
# rows: 60
# columns: 60

1 1 24451629.6
2 1 -10263265.3
3 1 3224024.56
4 1 1052935.69
5 1 1413991.27
6 1 -12644403
7 1 -37335.0732
8 1 30102.9587
9 1 -25889.1914
10 1 -432879.06
11 1 246088.57
12 1 2520428.01
13 1 -9047.20863
14 1 7270.26195
15 1 -7308.77279
16 1 -2726.5796
17 1 -693.948263
18 1 3239.63935
19 1 -7995.46382
20 1 6320.88651
21 1 -6387.14332
22 1 -2409.89465
23 1 -628.680444
24 1 2878.78065
25 1 -8979.10319
26 1 7616.31571
27 1 -10899.7756
28 1 -4029.44381
29 1 -501.621387
30 1 2997.44069
31 1 -8672.64243
32 1 7404.78386
33 1 -11232.4689
34 1 -4096.48044
35 1 -491.689295
36 1 2869.49336
37 1 -9475.51584
38 1 7616.15265
39 1 -6636.61003
40 1 723191.512
41 1 -547339.801
42 1 4973043.65
43 1 -10250.4934
44 1 8483.44951
45 1 -9887.034
46 1 -2885.06181
47 1 -580.342284
48 1 3274.25243
49 1 -9808.86411
50 1 8031.23139
51 1 -8222.62589
52 1 -2471.14089
53 1 -549.329983
54 1 3186.60711
55 1 -10370.0418
56 1 8501.78472
57 1 -10355.9056
58 1 -3384.57707
59 1 -729.481113
60 1 3531.14855
1 2 -10263265.3
2 2 19394390
3 2 -8622537.42
4 2 -3024660.73
5 2 -172497.313
6 2 9882134.75
7 2 30152.7417
8 2 -34323.3396
9 2 42161.1555
10 2 373593.015
11 2 -209152.871
12 2 -2133876.53
13 2 7281.44047
14 2 -11606.7221
15 2 17236.6878
16 2 6275.00981
17 2 9.06101137
18 2 -2863.34623
19 2 6318.62897
20 2 -10227.1093
21 2 15192.5005
22 2 5626.54454
23 2 9.85874376
24 2 -2501.01685
25 2 7662.02958
26 2 -12178.0249
27 2 22405.8458
28 2 8048.70337
29 2 -0.789985541
30 2 -2810.5251
31 2 7445.91754
32 2 -12039.1163
33 2 22996.7933
34 2 8153.42358
35 2 -0.99399226
36 2 -2707.63268
37 2 7602.1132
38 2 -11756.8821
39 2 16679.8792
40 2 -339775.8
41 2 233770.48
42 2 -4136263.21
43 2 8482.12136
44 2 -13691.8143
45 2 22994.4196
46 2 6810.81577
47 2 0.208082433
48 2 -2913.95189
49 2 8041.19741
50 2 -12730.4972
51 2 20082.2144
52 2 6052.71967
53 2 0.385106017
54 2 -2811.57656
55 2 8498.05528
56 2 -14130.8709
57 2 24146.2155
58 2 7882.03273
59 2 6.41708599
60 2 -3138.82037
1 3 3224024.56
2 3 -8622537.42
3 3 33664545.6
4 3 12933986.4
5 3 -6616590.57
6 3 -880438.378
7 3 -25087.4106
8 3 41493.3647
9 3 -113982.747
10 3 -108951.425
11 3 43403.3202
12 3 433525.311
13 3 -7318.67259
14 3 17246.2084
15 3 -42695.7401
16 3 -13641.502
17 3 580.893488
18 3 2703.88937
19 3 -6375.53838
20 3 15205.3729
21 3 -37972.0608
22 3 -12266.497
23 3 500.094053
24 3 2377.08512
25 3 -11051.3974
26 3 22392.0221
27 3 -64125.1016
28 3 -22704.7225
29 3 484.372365
30 3 4094.58852
31 3 -11363.0259
32 3 22968.1408
33 3 -66331.3042
34 3 -23160.9532
35 3 449.447729
36 3 4154.10718
37 3 -6588.39059
38 3 16662.2723
39 3 -43921.5265
40 3 -5687196.75
41 3 4845620.12
42 3 -749663.846
43 3 -9824.44481
44 3 22930.403
45 3 -65298.6654
46 3 -17942.5467
47 3 628.81682
48 3 2868.14303
49 3 -8177.23347
50 3 20014.7174
51 3 -55676.3637
52 3 -15524.2243
53 3 629.511967
54 3 2458.18753
55 3 -10307.1851
56 3 24107.8773
57 3 -66883.7827
58 3 -19576.8493
59 3 627.94453
60 3 3353.11062
1 4 1052935.69
2 4 -3024660.73
3 4 12933986.4
4 4 861908098
5 4 -714873721
6 4 4464224.76
7 4 -307657.405
8 4 265927.024
9 4 -112452.599
10 4 -13091106.7
11 4 7601438.74
12 4 77269796.7
13 4 -2721.35342
14 4 6351.34194
15 4 -13681.5101
16 4 -5611.60157
17 4 155.034378
18 4 1341.16702
19 4 -2390.19055
20 4 5696.98886
21 4 -12285.6902
22 4 -5185.87663
23 4 133.985653
24 4 1216.35576
25 4 -4092.14186
26 4 8036.71697
27 4 -22698.9978
28 4 -8618.37601
29 4 108.541617
30 4 1597.96599
31 4 -4151.86844
32 4 8136.53465
33 4 -23155.6049
34 4 -8702.30001
35 4 100.564006
36 4 1606.60267
37 4 -1915.71639
38 4 4989.7651
39 4 -14450.5587
40 4 -833836796
41 4 712314771
42 4 -82492190.7
43 4 -2871.0671
44 4 6796.84985
45 4 -17943.5794
46 4 -5055.84521
47 4 139.259448
48 4 861.175959
49 4 -2465.21235
50 4 6046.10093
51 4 -15538.4755
52 4 -4441.86503
53 4 139.219904
54 4 758.613769
55 4 -3360.4956
56 4 7906.11719
57 4 -19578.1055
58 4 -6711.70579
59 4 157.410582
60 4 1363.95256
1 5 1413991.27
2 5 -172497.313
3 5 -6616590.57
4 5 -714873721
5 5 612030546
6 5 -91464888.2
7 5 136550.133
8 5 -115656.55
9 5 36177.9759
10 5 5998176.26
11 5 -3486515
12 5 -35436515.3
13 5 -688.99483
14 5 -8.69664349
15 5 607.12302
16 5 176.81138
17 5 -254.259863
18 5 254.060253
19 5 -621.549959
20 5 -9.47025377
21 5 527.267085
22 5 158.323954
23 5 -230.615217
24 5 235.834515
25 5 -501.508195
26 5 0.883883869
27 5 479.448552
28 5 106.243965
29 5 -154.175256
30 5 128.325171
31 5 -492.166372
32 5 1.08693032
33 5 444.038454
34 5 98.136068
35 5 -144.945456
36 5 125.303815
37 5 -696.550096
38 5 173.612072
39 5 2410.57234
40 5 706303072
41 5 -602523725
42 5 126887854
43 5 -582.570309
44 5 -0.130206366
45 5 632.80755
46 5 140.797124
47 5 -194.661661
48 5 141.191507
49 5 -554.122195
50 5 -0.383540468
51 5 636.3944
52 5 141.986002
53 5 -190.967404
54 5 133.963226
55 5 -725.835735
56 5 -6.13048308
57 5 647.977943
58 5 173.386279
59 5 -252.586933
60 5 237.700087
1 6 -12644403
2 6 9882134.75
3 6 -880438.378
4 6 4464224.76
5 6 -91464888.2
6 6 1.88639198e+09
7 6 2464678.73
8 6 -2073092.66
9 6 626616.172
10 6 107107861
11 6 -62251740.8
12 6 -632814011
13 6 3258.54047
14 6 -2898.54554
15 6 2743.07455
16 6 1376.7633
17 6 267.362477
18 6 -1389.43177
19 6 2892.86414
20 6 -2538.80257
21 6 2421.79937
22 6 1259.7417
23 6 250.544756
24 6 -1255.93948
25 6 2997.49331
26 6 -2790.03976
27 6 4026.90578
28 6 1569.1948
29 6 128.109494
30 6 -1052.72141
31 6 2869.21883
32 6 -2688.62475
33 6 4094.14847
34 6 1580.65912
35 6 124.881785
36 6 -1001.63824
37 6 4893.06734
38 6 -4229.2459
39 6 1679.31743
40 6 -149487110
41 6 109464996
42 6 -1.24319102e+09
43 6 3272.33674
44 6 -2912.96453
45 6 2887.8993
46 6 865.743493
47 6 140.45241
48 6 -1096.64365
49 6 3183.33234
50 6 -2806.10767
51 6 2478.11212
52 6 762.345963
53 6 132.75648
54 6 -1082.09387
55 6 3533.99633
56 6 -3157.3684
57 6 3391.23039
58 6 1393.42824
59 6 245.754805
60 6 -1388.44092
1 7 -37335.0732
2 7 30152.7417
3 7 -25087.4106
4 7 -307657.405
5 7 136550.133
6 7 2464678.73
7 7 24734626.6
8 7 -10271653.3
9 7 3362113.8
10 7 1137864.61
11 7 1312330.65
12 7 -11583922
13 7 -9260.2713
14 7 7306.97942
15 7 -7198.36033
16 7 -2532.17008
17 7 -673.508637
18 7 3201.49531
19 7 -8672.8786
20 7 6800.94519
21 7 -7116.02694
22 7 -2481.85892
23 7 -646.808401
24 7 2976.24637
25 7 -9179.20502
26 7 7702.25841
27 7 -10818.8455
28 7 -3991.36902
29 7 -512.998063
30 7 3065.75397
31 7 -9468.43115
32 7 8041.80771
33 7 -12168.5977
34 7 -4373.50217
35 7 -549.110152
36 7 3116.77191
37 7 -10592.8198
38 7 8425.42604
39 7 -7826.68011
40 7 486779.154
41 7 -361370.104
42 7 3902065.5
43 7 -10824.2535
44 7 8825.4988
45 7 -10083.2014
46 7 -2976.87303
47 7 -646.674321
48 7 3460.82108
49 7 -10492.8083
50 7 8524.83926
51 7 -9105.33771
52 7 -2717.8281
53 7 -603.292878
54 7 3375.90062
55 7 -10834.5034
56 7 8854.41931
57 7 -11099.836
58 7 -3481.60657
59 7 -732.852371
60 7 3585.26672
1 8 30102.9587
2 8 -34323.3396
3 8 41493.3647
4 8 265927.024
5 8 -115656.55
6 8 -2073092.66
7 8 -10271653.3
8 8 19626971.4
9 8 -9073919.88
10 8 -3115167.07
11 8 -140233.2
12 8 8895751.81
13 8 7333.78127
14 8 -12091.1618
15 8 17745.358
16 8 6169.45883
17 8 6.57110123
18 8 -2800.54411
19 8 6817.7111
20 8 -11334.4931
21 8 17056.4178
22 8 5935.46318
23 8 7.24540517
24 8 -2580.70484
25 8 7749.72129
26 8 -12505.8989
27 8 22654.622
28 8 8156.44026
29 8 -0.994101879
30 8 -2848.05888
31 8 8085.16059
32 8 -13315.8573
33 8 25245.9306
34 8 8861.8629
35 8 -1.28283087
36 8 -2928.42906
37 8 8410.67349
38 8 -13615.8332
39 8 19790.1329
40 8 -231091.52
41 8 155479.372
42 8 -3204642.5
43 8 8826.1833
44 8 -14530.3382
45 8 23912.617
46 8 7195.13787
47 8 0.136884152
48 8 -3058.95316
49 8 8540.35589
50 8 -13980.7107
51 8 22316.7373
52 8 6751.16807
53 8 0.519244342
54 8 -2969.39269
55 8 8862.33916
56 8 -15030.4535
57 8 25902.5195
58 8 8219.83183
59 8 4.841583
60 8 -3182.43723
1 9 -25889.1914
2 9 42161.1555
3 9 -113982.747
4 9 -112452.599
5 9 36177.9759
6 9 626616.172
7 9 3362113.8
8 9 -9073919.88
9 9 34652133.3
10 9 11585113.4
11 9 -5180686.08
12 9 -997631.408
13 9 -7220.63859
14 9 17725.7678
15 9 -43638.4219
16 9 -13535.1314
17 9 584.299842
18 9 2520.60021
19 9 -7122.41683
20 9 17034.6526
21 9 -42100.2644
22 9 -13057.2416
23 9 519.158129
24 9 2462.90471
25 9 -10969.8716
26 9 22628.5136
27 9 -64577.2684
28 9 -22901.4266
29 9 497.43169
30 9 4056.61777
31 9 -12299.7016
32 9 25203.8922
33 9 -71507.3602
34 9 -24710.3535
35 9 485.830659
36 9 4431.61132
37 9 -7770.04533
38 9 19759.9986
39 9 -50185.8159
40 9 -4021099.64
41 9 3416757.89
42 9 -848851.97
43 9 -10018.8463
44 9 23836.1976
45 9 -66478.3097
46 9 -18463.943
47 9 660.55373
48 9 2959.38039
49 9 -9063.22637
50 9 22234.6887
51 9 -60438.1646
52 9 -16977.1287
53 9 644.980894
54 9 2705.73588
55 9 -11060.3251
56 9 25836.8139
57 9 -70984.8778
58 9 -20483.4884
59 9 629.06059
60 9 3458.08239
1 10 -432879.06
2 10 373593.015
3 10 -108951.425
4 10 -13091106.7
5 10 5998176.26
6 10 107107861
7 10 1137864.61
8 10 -3115167.07
9 10 11585113.4
10 10 634319121
11 10 -518561181
12 10 723979.191
13 10 -2537.52886
14 10 6225.69477
15 10 -13579.709
16 10 -5125.17252
17 10 148.951616
18 10 1130.2931
19 10 -2476.87207
20 10 5985.55594
21 10 -13085.5098
22 10 -4959.7323
23 10 132.023855
24 10 1097.68579
25 10 -4054.50124
26 10 8140.77119
27 10 -22897.4776
28 10 -8701.36192
29 10 111.402203
30 10 1580.81838
31 10 -4429.53961
32 10 8840.8248
33 10 -24706.3909
34 10 -9180.08514
35 10 109.573533
36 10 1690.97126
37 10 -2248.97448
38 10 5984.586
39 10 -15849.6815
40 10 -606420016
41 10 517317394
42 10 -108666166
43 10 -2963.02356
44 10 7178.86852
45 10 -18466.9042
46 10 -5277.28335
47 10 147.43902
48 10 901.300122
49 10 -2714.19911
50 10 6743.27767
51 10 -16995.5643
52 10 -4897.25746
53 10 142.907975
54 10 827.416254
55 10 -3466.61725
56 10 8231.78884
57 10 -20491.7934
58 10 -6650.04333
59 10 152.512087
60 10 1282.16002
1 11 246088.57
2 11 -209152.871
3 11 43403.3202
4 11 7601438.74
5 11 -3486515
6 11 -62251740.8
7 11 1312330.65
8 11 -140233.2
9 11 -5180686.08
10 11 -518561181
11 11 441788764
12 11 -69901186.2
13 11 -672.657283
14 11 -6.34046345
15 11 605.639414
16 11 165.179567
17 11 -240.414164
18 11 224.689185
19 11 -644.199534
20 11 -7.0133966
21 11 541.54213
22 11 150.177265
23 11 -222.470233
24 11 216.664861
25 11 -513.25465
26 11 1.08790487
27 11 492.144115
28 11 108.938809
29 11 -160.949299
30 11 132.216746
31 11 -550.020551
32 11 1.38202339
33 11 479.790036
34 11 106.893777
35 11 -161.096207
36 11 141.014608
37 11 -816.264818
38 11 176.03121
39 11 1951.3814
40 11 507983491
41 11 -432735963
42 11 132208395
43 11 -649.455596
44 11 -0.0622476083
45 11 664.737807
46 11 149.088862
47 11 -212.03014
48 11 159.618711
49 11 -608.675176
50 11 -0.529691682
51 11 652.988586
52 11 146.104348
53 11 -202.848057
54 11 148.289003
55 11 -732.047212
56 11 -4.6623151
57 11 646.506822
58 11 164.92186
59 11 -243.743425
60 11 221.862907
1 12 2520428.01
2 12 -2133876.53
3 12 433525.311
4 12 77269796.7
5 12 -35436515.3
6 12 -632814011
7 12 -11583922
8 12 8895751.81
9 12 -997631.408
10 12 723979.191
11 12 -69901186.2
12 12 1.63798553e+09
13 12 3216.08167
14 12 -2820.45516
15 12 2548.40278
16 12 1153.86343
17 12 233.446761
18 12 -1286.97328
19 12 2986.96356
20 12 -2602.55289
21 12 2494.99148
22 12 1126.80014
23 12 226.428625
24 12 -1194.2242
25 12 3065.94965
26 12 -2827.09879
27 12 3989.15488
28 12 1551.87378
29 12 131.849764
30 12 -1076.43729
31 12 3116.47569
32 12 -2908.6379
33 12 4371.32515
34 12 1664.71642
35 12 140.405494
36 12 -1082.18715
37 12 4862.15701
38 12 -4201.465
39 12 2167.39594
40 12 -104114828
41 12 74324113.7
42 12 -994943175
43 12 3458.99294
44 12 -3057.65074
45 12 2980.43336
46 12 906.05938
47 12 158.701877
48 12 -1160.2291
49 12 3372.75847
50 12 -2962.60761
51 12 2726.24263
52 12 830.918341
53 12 146.936026
54 12 -1136.31927
55 12 3586.36134
56 12 -3191.7968
57 12 3489.636
58 12 1303.11893
59 12 227.013555
60 12 -1334.62787
1 13 -9047.20863
2 13 7281.44047
3 13 -7318.67259
4 13 -2721.35342
5 13 -688.99483
6 13 3258.54047
7 13 -9260.2713
8 13 7333.78127
9 13 -7220.63859
10 13 -2537.52886
11 13 -672.657283
12 13 3216.08167
13 13 39206597.3
14 13 -16715965.2
15 13 4870768.04
16 13 3466052.97
17 13 1467851.26
18 13 -23202518.8
19 13 -320993.416
20 13 162212.33
21 13 -49372.588
22 13 -28333.1691
23 13 -1323.96475
24 13 298974.756
25 13 -618063.679
26 13 338606.888
27 13 -38559.8028
28 13 32229.3477
29 13 178680.979
30 13 1779384.23
31 13 -595515.434
32 13 326576.384
33 13 -31509.9356
34 13 26925.5269
35 13 200602.979
36 13 1878460.6
37 13 -10949.2757
38 13 8813.37658
39 13 -4499.05402
40 13 -1170.90924
41 13 -315.391889
42 13 4569.26282
43 13 -11266.6502
44 13 9133.51408
45 13 -6309.95322
46 13 -1848.23893
47 13 -475.008415
48 13 5471.00218
49 13 -10527.8479
50 13 8262.81736
51 13 -4893.09594
52 13 -1639.11993
53 13 -555.334423
54 13 3720.17314
55 13 -10514.6772
56 13 8283.65957
57 13 -7087.65789
58 13 -2625.31225
59 13 -754.01465
60 13 4080.0192
1 14 7270.26195
2 14 -11606.7221
3 14 17246.2084
4 14 6351.34194
5 14 -8.69664349
6 14 -2898.54554
7 14 7306.97942
8 14 -12091.1618
9 14 17725.7678
10 14 6225.69477
11 14 -6.34046345
12 14 -2820.45516
13 14 -16715965.2
14 14 21355683.6
15 14 -8226912.13
16 14 -4256584.39
17 14 -32762.5511
18 14 13165031.1
19 14 162356.188
20 14 -94266.2744
21 14 39143.5454
22 14 20238.0681
23 14 -55.7760902
24 14 -160100.751
25 14 327794.903
26 14 -192329.732
27 14 54124.8189
28 14 94569.4053
29 14 -152052.313
30 14 -950073.669
31 14 316147.973
32 14 -185215.071
33 14 51366.7223
34 14 112704.722
35 14 -167099.965
36 14 -985286.316
37 14 8740.59708
38 14 -12358.3645
39 14 12416.0461
40 14 3634.00645
41 14 -10.3373063
42 14 -4005.6016
43 14 9075.62581
44 14 -12782.8575
45 14 15327.6444
46 14 4681.07753
47 14 -27.4692159
48 14 -4694.48197
49 14 8233.96319
50 14 -11950.127
51 14 13383.7608
52 14 4356.90788
53 14 -0.653261288
54 14 -3165.01915
55 14 8257.12522
56 14 -12786.6845
57 14 17375.0202
58 14 6387.55609
59 14 -2.2329438
60 14 -3517.01791
1 15 -7308.77279
2 15 17236.6878
3 15 -42695.7401
4 15 -13681.5101
5 15 607.12302
6 15 2743.07455
7 15 -7198.36033
8 15 17745.358
9 15 -43638.4219
10 15 -13579.709
11 15 605.639414
12 15 2548.40278
13 15 4870768.04
14 15 -8226912.13
15 15 33344343.6
16 15 13073702.3
17 15 -4733240.64
18 15 -3433290.42
19 15 -48860.8768
20 15 38960.0033
21 15 -97590.7059
22 15 -55835.1433
23 15 18351.7873
24 15 27784.0162
25 15 -93367.6687
26 15 41562.1225
27 15 -221801.221
28 15 -610927.69
29 15 342258.874
30 15 286159.471
31 15 -88010.7816
32 15 35257.2531
33 15 -216054.357
34 15 -670569.485
35 15 372896.406
36 15 320717.575
37 15 -4476.67379
38 15 12442.0768
39 15 -32072.5678
40 15 -9760.8088
41 15 1122.89144
42 15 1182.53744
43 15 -6285.11653
44 15 15346.7168
45 15 -40622.158
46 15 -11921.6212
47 15 1234.81796
48 15 1891.50267
49 15 -4858.75532
50 15 13390.4025
51 15 -31544.8091
52 15 -9336.63252
53 15 790.471065
54 15 1629.82813
55 15 -7051.54879
56 15 17375.4095
57 15 -42437.9204
58 15 -13668.8216
59 15 788.114272
60 15 2618.04283
1 16 -2726.5796
2 16 6275.00981
3 16 -13641.502
4 16 -5611.60157
5 16 176.81138
6 16 1376.7633
7 16 -2532.17008
8 16 6169.45883
9 16 -13535.1314
10 16 -5125.17252
11 16 165.179567
12 16 1153.86343
13 16 3466052.97
14 16 -4256584.39
15 16 13073702.3
16 16 31252863.6
17 16 -7468341.14
18 16 -10121984.9
19 16 -27443.1912
20 16 19831.6908
21 16 -55561.9781
22 16 -47591.951
23 16 21089.2073
24 16 21428.521
25 16 -410995.819
26 16 113181.693
27 16 -699458.081
28 16 -3309561.95
29 16 1950042.4
30 16 2407058.69
31 16 -457759.397
32 16 119969.529
33 16 -769729.012
34 16 -3771075.8
35 16 2179125.07
36 16 2759873.39
37 16 -1179.75666
38 16 3623.85373
39 16 -9721.79248
40 16 -3206.40948
41 16 400.847646
42 16 79.8071046
43 16 -1909.27331
44 16 4707.44539
45 16 -11891.9039
46 16 -3927.72687
47 16 703.169386
48 16 571.345078
49 16 -1625.60986
50 16 4347.84446
51 16 -9314.06668
52 16 -2857.27388
53 16 194.456714
54 16 560.952478
55 16 -2609.55674
56 16 6358.41999
57 16 -13623.7396
58 16 -5616.1748
59 16 273.740433
60 16 1244.7816
1 17 -693.948263
2 17 9.06101137
3 17 580.893488
4 17 155.034378
5 17 -254.259863
6 17 267.362477
7 17 -673.508637
8 17 6.57110123
9 17 584.299842
10 17 148.951616
11 17 -240.414164
12 17 233.446761
13 17 1467851.26
14 17 -32762.5511
15 17 -4733240.64
16 17 -7468341.14
17 17 13136300.8
18 17 -3159885.43
19 17 -1076.59175
20 17 -262.383475
21 17 18254.4213
22 17 21148.4803
23 17 -14239.7933
24 17 223.145068
25 17 -150650.074
26 17 115748.731
27 17 259159.58
28 17 1216858.35
29 17 -541771.291
30 17 1113600.78
31 17 -171381.545
32 17 126068.567
33 17 274169.626
34 17 1323164.45
35 17 -562868.12
36 17 1266982.1
37 17 -315.273844
38 17 10.5874278
39 17 1121.1674
40 17 399.908208
41 17 -439.700813
42 17 29.3368001
43 17 -502.50302
44 17 27.2718726
45 17 1229.88729
46 17 695.924983
47 17 -663.039164
48 17 145.479278
49 17 -553.862711
50 17 0.64731826
51 17 787.198866
52 17 193.765082
53 17 -235.382571
54 17 136.232241
55 17 -753.051615
56 17 1.96461086
57 17 783.13637
58 17 272.140665
59 17 -357.095628
60 17 270.806422
1 18 3239.63935
2 18 -2863.34623
3 18 2703.88937
4 18 1341.16702
5 18 254.060253
6 18 -1389.43177
7 18 3201.49531
8 18 -2800.54411
9 18 2520.60021
10 18 1130.2931
11 18 224.689185
12 18 -1286.97328
13 18 -23202518.8
14 18 13165031.1
15 18 -3433290.42
16 18 -10121984.9
17 18 -3159885.43
18 18 55642214.5
19 18 297399.579
20 18 -159002.361
21 18 28306.7371
22 18 22730.5823
23 18 764.2074
24 18 -380418.387
25 18 1832954.74
26 18 -1025311.97
27 18 113515.482
28 18 91740.4965
29 18 -1345526.07
30 18 -9588602.78
31 18 1934105.87
32 18 -1059010.72
33 18 132544.618
34 18 197744.962
35 18 -1514823.73
36 18 -10506008.9
37 18 4578.41881
38 18 -4052.65571
39 18 1167.74291
40 18 53.8110929
41 18 14.5286439
42 18 -2510.7547
43 18 5469.24993
44 18 -4732.33407
45 18 1866.40779
46 18 454.865995
47 18 68.1943159
48 18 -4869.15018
49 18 3710.63215
50 18 -3166.96684
51 18 1634.88232
52 18 563.084753
53 18 135.789278
54 18 -1435.37786
55 18 4062.92847
56 18 -3511.5556
57 18 2617.08271
58 18 1240.85951
59 18 265.124623
60 18 -2111.07807
1 19 -7995.46382
2 19 6318.62897
3 19 -6375.53838
4 19 -2390.19055
5 19 -621.549959
6 19 2892.86414
7 19 -8672.8786
8 19 6817.7111
9 19 -7122.41683
10 19 -2476.87207
11 19 -644.199534
12 19 2986.96356
13 19 -320993.416
14 19 162356.188
15 19 -48860.8768
16 19 -27443.1912
17 19 -1076.59175
18 19 297399.579
19 19 42545109.8
20 19 -18139804.7
21 19 6120370.05
22 19 3220755.93
23 19 1283963.35
24 19 -24479220.3
25 19 -619713.89
26 19 340856.121
27 19 -45048.3048
28 19 72900.6054
29 19 76328.0993
30 19 1242873.39
31 19 -576522.017
32 19 320823.052
33 19 -36365.5062
34 19 77966.4212
35 19 76477.5365
36 19 1207514.3
37 19 -10621.6941
38 19 8506.81948
39 19 -4527.15986
40 19 -1133.98411
41 19 -289.439762
42 19 4459.90197
43 19 -10777.7459
44 19 8702.21435
45 19 -5505.03702
46 19 -1551.63276
47 19 -399.401209
48 19 5359.01799
49 19 -37459.3527
50 19 31780.1737
51 19 -4206.26115
52 19 16655.4615
53 19 11837.7262
54 19 301401.788
55 19 -37355.4444
56 19 31720.4545
57 19 -6360.28062
58 19 16522.8842
59 19 12049.9483
60 19 307173.037
1 20 6320.88651
2 20 -10227.1093
3 20 15205.3729
4 20 5696.98886
5 20 -9.47025377
6 20 -2538.80257
7 20 6800.94519
8 20 -11334.4931
9 20 17034.6526
10 20 5985.55594
11 20 -7.0133966
12 20 -2602.55289
13 20 162212.33
14 20 -94266.2744
15 20 38960.0033
16 20 19831.6908
17 20 -262.383475
18 20 -159002.361
19 20 -18139804.7
20 20 22136075
21 20 -8924044.25
22 20 -4064159.16
23 20 -15903.6654
24 20 13963414.8
25 20 328915.815
26 20 -196891.658
27 20 53438.1541
28 20 16329.2358
29 20 -77052.5457
30 20 -726534.067
31 20 309041.399
32 20 -187098.915
33 20 48176.1086
34 20 13705.1087
35 20 -77101.7468
36 20 -709943.115
37 20 8442.03819
38 20 -12169.0298
39 20 12367.8026
40 20 3606.07584
41 20 -10.1598617
42 20 -3906.55231
43 20 8654.99388
44 20 -12097.4714
45 20 13758.302
46 20 4168.71285
47 20 -28.8752879
48 20 -4584.42942
49 20 30966.8381
50 20 -31539.0001
51 20 13879.547
52 20 -3232.93152
53 20 -17154.8426
54 20 -253068.296
55 20 30904.2118
56 20 -32272.5704
57 20 17885.2795
58 20 -1753.93925
59 20 -17639.5892
60 20 -257942.552
1 21 -6387.14332
2 21 15192.5005
3 21 -37972.0608
4 21 -12285.6902
5 21 527.267085
6 21 2421.79937
7 21 -7116.02694
8 21 17056.4178
9 21 -42100.2644
10 21 -13085.5098
11 21 541.54213
12 21 2494.99148
13 21 -49372.588
14 21 39143.5454
15 21 -97590.7059
16 21 -55561.9781
17 21 18254.4213
18 21 28306.7371
19 21 6120370.05
20 21 -8924044.25
21 21 36716226.9
22 21 13530072.1
23 21 -5014593.63
24 21 -3204852.27
25 21 -95275.6044
26 21 54246.4922
27 21 -223445.533
28 21 -362643.228
29 21 186411.847
30 21 116554.27
31 21 -84318.4645
32 21 48068.5655
33 21 -209490.532
34 21 -356746.436
35 21 185304.903
36 21 109293.538
37 21 -4512.49735
38 21 12397.5284
39 21 -32412.4692
40 21 -9902.01652
41 21 1093.62535
42 21 1148.11907
43 21 -5500.48953
44 21 13784.6649
45 21 -37823.7709
46 21 -11119.8911
47 21 1228.17419
48 21 1604.4842
49 21 -6131.08979
50 21 12215.56
51 21 -54724.5999
52 21 -149574.288
53 21 122658.881
54 21 4054.29026
55 21 -8343.79029
56 21 16178.3914
57 21 -65643.2797
58 21 -156639.411
59 21 125032.764
60 21 4886.17349
1 22 -2409.89465
2 22 5626.54454
3 22 -12266.497
4 22 -5185.87663
5 22 158.323954
6 22 1259.7417
7 22 -2481.85892
8 22 5935.46318
9 22 -13057.2416
10 22 -4959.7323
11 22 150.177265
12 22 1126.80014
13 22 -28333.1691
14 22 20238.0681
15 22 -55835.1433
16 22 -47591.951
17 22 21148.4803
18 22 22730.5823
19 22 3220755.93
20 22 -4064159.16
21 22 13530072.1
22 22 25775877
23 22 -8581860.4
24 22 -5437472.94
25 22 -186846.587
26 22 73574.7491
27 22 -405097.595
28 22 -1291571.16
29 22 889538.185
30 22 732349.121
31 22 -179509.251
32 22 69752.0258
33 22 -398898.815
34 22 -1290968.55
35 22 889945.683
36 22 727338.859
37 22 -1143.9753
38 22 3596.92386
39 22 -9872.69815
40 22 -3263.0979
41 22 397.328132
42 22 50.7892922
43 22 -1625.49188
44 22 4204.11899
45 22 -11106.0949
46 22 -3695.59501
47 22 709.276531
48 22 471.116709
49 22 -17900.6813
50 22 4860.80845
51 22 -152897.162
52 22 -900734.57
53 22 790043.935
54 22 106454.264
55 22 -19067.1154
56 22 6599.11857
57 22 -158550.526
58 22 -921321.984
59 22 805801.821
60 22 107801.51
1 23 -628.680444
2 23 9.85874376
3 23 500.094053
4 23 133.985653
5 23 -230.615217
6 23 250.544756
7 23 -646.808401
8 23 7.24540517
9 23 519.158129
10 23 132.023855
11 23 -222.470233
12 23 226.428625
13 23 -1323.96475
14 23 -55.7760902
15 23 18351.7873
16 23 21089.2073
17 23 -14239.7933
18 23 764.2074
19 23 1283963.35
20 23 -15903.6654
21 23 -5014593.63
22 23 -8581860.4
23 23 14451592.6
24 23 -1956694.21
25 23 -58986.9381
26 23 68798.6903
27 23 179308.905
28 23 711706.199
29 23 -402994.587
30 23 459381.098
31 23 -58882.604
32 23 68816.3684
33 23 178161.789
34 23 712260.976
35 23 -402743.755
36 23 461131.255
37 23 -288.061255
38 23 10.4683958
39 23 1094.65845
40 23 396.373907
41 23 -438.800536
42 23 22.7743557
43 23 -428.439535
44 23 28.8433037
45 23 1228.67747
46 23 702.43456
47 23 -664.715934
48 23 129.910264
49 23 -3363.41918
50 23 13878.4962
51 23 121126.895
52 23 762314.468
53 23 -653331.96
54 23 93672.8189
55 23 -3561.83313
56 23 14239.3334
57 23 122285.745
58 23 777837.246
59 23 -666312.379
60 23 96646.9252
1 24 2878.78065
2 24 -2501.01685
3 24 2377.08512
4 24 1216.35576
5 24 235.834515
6 24 -1255.93948
7 24 2976.24637
8 24 -2580.70484
9 24 2462.90471
10 24 1097.68579
11 24 216.664861
12 24 -1194.2242
13 24 298974.756
14 24 -160100.751
15 24 27784.0162
16 24 21428.521
17 24 223.145068
18 24 -380418.387
19 24 -24479220.3
20 24 13963414.8
21 24 -3204852.27
22 24 -5437472.94
23 24 -1956694.21
24 24 53988474.9
25 24 1300515.91
26 24 -816328.718
27 24 3254.31757
28 24 -431152.488
29 24 -564499.898
30 24 -5116632.27
31 24 1264302.58
32 24 -798873.963
33 24 -1766.30385
34 24 -434289.714
35 24 -566134.17
36 24 -5091206.18
37 24 4481.44073
38 24 -3961.35445
39 24 1129.30236
40 24 23.6709556
41 24 8.38230364
42 24 -2486.41995
43 24 5379.84672
44 24 -4637.06682
45 24 1572.62548
46 24 343.10236
47 24 47.4122796
48 24 -4892.17394
49 24 300525.934
50 24 -261034.521
51 24 821.219601
52 24 -156829.368
53 24 -171679.738
54 24 -3264135.63
55 24 303356.936
56 24 -263523.143
57 24 1457.3636
58 24 -164598.385
59 24 -176807.566
60 24 -3325484.33
1 25 -8979.10319
2 25 7662.02958
3 25 -11051.3974
4 25 -4092.14186
5 25 -501.508195
6 25 2997.49331
7 25 -9179.20502
8 25 7749.72129
9 25 -10969.8716
10 25 -4054.50124
11 25 -513.25465
12 25 3065.94965
13 25 -618063.679
14 25 327794.903
15 25 -93367.6687
16 25 -410995.819
17 25 -150650.074
18 25 1832954.74
19 25 -619713.89
20 25 328915.815
21 25 -95275.6044
22 25 -186846.587
23 25 -58986.9381
24 25 1300515.91
25 25 45029655.1
26 25 -19708356.2
27 25 5515143.23
28 25 808330.83
29 25 61161.4352
30 25 -32384108.2
31 25 -1126378.27
32 25 625804.383
33 25 77753.1755
34 25 902989.962
35 25 64414.3531
36 25 4544241.96
37 25 -9480.67858
38 25 7441.31629
39 25 -4039.23073
40 25 -1275.08959
41 25 -436.990303
42 25 3201.2492
43 25 -11108.1007
44 25 8924.66687
45 25 -5669.86913
46 25 -1578.76917
47 25 -410.635605
48 25 5337.6432
49 25 -10479.0954
50 25 8228.99501
51 25 -4199.6779
52 25 -1366.20646
53 25 -472.656715
54 25 3848.74152
55 25 -10064.9011
56 25 7858.57245
57 25 -6049.80078
58 25 -1868.97427
59 25 -548.522962
60 25 3582.29295
1 26 7616.31571
2 26 -12178.0249
3 26 22392.0221
4 26 8036.71697
5 26 0.883883869
6 26 -2790.03976
7 26 7702.25841
8 26 -12505.8989
9 26 22628.5136
10 26 8140.77119
11 26 1.08790487
12 26 -2827.09879
13 26 338606.888
14 26 -192329.732
15 26 41562.1225
16 26 113181.693
17 26 115748.731
18 26 -1025311.97
19 26 340856.121
20 26 -196891.658
21 26 54246.4922
22 26 73574.7491
23 26 68798.6903
24 26 -816328.718
25 26 -19708356.2
26 26 23289146.7
27 26 -8396663.14
28 26 -1414771.45
29 26 30273.5697
30 26 18702943.9
31 26 626174.356
32 26 -382637.396
33 26 -55835.504
34 26 -627615.535
35 26 31796.5848
36 26 -2568474.48
37 26 7429.57409
38 26 -10666.6772
39 26 11218.888
40 26 3604.04146
41 26 0.00227243501
42 26 -2726.12843
43 26 8934.98143
44 26 -12426.3189
45 26 13893.4634
46 26 4136.68115
47 26 14.2285071
48 26 -4609.18038
49 26 8242.0669
50 26 -11411.4651
51 26 11503.5804
52 26 3721.99506
53 26 1.33319032
54 26 -3270.61643
55 26 7876.93345
56 26 -11759.4624
57 26 14992.8294
58 26 4676.17255
59 26 2.30996831
60 26 -3043.27864
1 27 -10899.7756
2 27 22405.8458
3 27 -64125.1016
4 27 -22698.9978
5 27 479.448552
6 27 4026.90578
7 27 -10818.8455
8 27 22654.622
9 27 -64577.2684
10 27 -22897.4776
11 27 492.144115
12 27 3989.15488
13 27 -38559.8028
14 27 54124.8189
15 27 -221801.221
16 27 -699458.081
17 27 259159.58
18 27 113515.482
19 27 -45048.3048
20 27 53438.1541
21 27 -223445.533
22 27 -405097.595
23 27 179308.905
24 27 3254.31757
25 27 5515143.23
26 27 -8396663.14
27 27 38913149.6
28 27 17212803
29 27 -6829318.92
30 27 -838604.4
31 27 78113.1915
32 27 -55975.4576
33 27 -414121.385
34 27 -1199719.52
35 27 466765.035
36 27 -936146.309
37 27 -3989.30241
38 27 11197.1287
39 27 -27819.876
40 27 -8125.97223
41 27 697.136473
42 27 1260.3394
43 27 -5591.85106
44 27 13837.4051
45 27 -37945.1167
46 27 -11057.0227
47 27 1233.95577
48 27 1527.90243
49 27 -4147.78616
50 27 11447.9633
51 27 -28270.3021
52 27 -8309.08443
53 27 838.985291
54 27 1346.22346
55 27 -6008.89103
56 27 14925.2984
57 27 -37955.0883
58 27 -10769.3719
59 27 724.479892
60 27 1852.67426
1 28 -4029.44381
2 28 8048.70337
3 28 -22704.7225
4 28 -8618.37601
5 28 106.243965
6 28 1569.1948
7 28 -3991.36902
8 28 8156.44026
9 28 -22901.4266
10 28 -8701.36192
11 28 108.938809
12 28 1551.87378
13 28 32229.3477
14 28 94569.4053
15 28 -610927.69
16 28 -3309561.95
17 28 1216858.35
18 28 91740.4965
19 28 72900.6054
20 28 16329.2358
21 28 -362643.228
22 28 -1291571.16
23 28 711706.199
24 28 -431152.488
25 28 808330.83
26 28 -1414771.45
27 28 17212803
28 28 37469351.8
29 28 -13657137.6
30 28 10415127.7
31 28 903150.246
32 28 -627016.902
33 28 -1198517.65
34 28 -5753571.63
35 28 2034841.39
36 28 -6759328.85
37 28 -1261.98862
38 28 3597.88963
39 28 -8120.69693
40 28 -2465.38015
41 28 155.176634
42 28 405.230345
43 28 -1521.11114
44 28 4107.16677
45 28 -11052.577
46 28 -3640.1401
47 28 676.430273
48 28 244.666
49 28 -1353.25986
50 28 3716.51263
51 28 -8320.34493
52 28 -2543.63519
53 28 212.093419
54 28 454.550854
55 28 -1859.02678
56 28 4667.66126
57 28 -10782.5183
58 28 -3176.44907
59 28 186.710314
60 28 598.53789
1 29 -501.621387
2 29 -0.789985541
3 29 484.372365
4 29 108.541617
5 29 -154.175256
6 29 128.109494
7 29 -512.998063
8 29 -0.994101879
9 29 497.43169
10 29 111.402203
11 29 -160.949299
12 29 131.849764
13 29 178680.979
14 29 -152052.313
15 29 342258.874
16 29 1950042.4
17 29 -541771.291
18 29 -1345526.07
19 29 76328.0993
20 29 -77052.5457
21 29 186411.847
22 29 889538.185
23 29 -402994.587
24 29 -564499.898
25 29 61161.4352
26 29 30273.5697
27 29 -6829318.92
28 29 -13657137.6
29 29 17459627.8
30 29 3209082.55
31 29 63489.8495
32 29 32328.7531
33 29 466847.645
34 29 2038218.12
35 29 -1285215.56
36 29 -174266.768
37 29 -438.639909
38 29 0.053268136
39 29 697.790704
40 29 156.105574
41 29 -198.410195
42 29 107.590312
43 29 -400.590965
44 29 -12.681249
45 29 1230.1721
46 29 679.767375
47 29 -651.402376
48 29 51.8462998
49 29 -478.387043
50 29 -1.33035877
51 29 842.127597
52 29 214.93668
53 29 -248.198554
54 29 117.55203
55 29 -552.320481
56 29 -2.31946441
57 29 729.623145
58 29 189.902319
59 29 -230.667832
60 29 134.673238
1 30 2997.44069
2 30 -2810.5251
3 30 4094.58852
4 30 1597.96599
5 30 128.325171
6 30 -1052.72141
7 30 3065.75397
8 30 -2848.05888
9 30 4056.61777
10 30 1580.81838
11 30 132.216746
12 30 -1076.43729
13 30 1779384.23
14 30 -950073.669
15 30 286159.471
16 30 2407058.69
17 30 1113600.78
18 30 -9588602.78
19 30 1242873.39
20 30 -726534.067
21 30 116554.27
22 30 732349.121
23 30 459381.098
24 30 -5116632.27
25 30 -32384108.2
26 30 18702943.9
27 30 -838604.4
28 30 10415127.7
29 30 3209082.55
30 30 91270307.5
31 30 4541276.47
32 30 -2564387.49
33 30 -934120.543
34 30 -6755327.99
35 30 -179783.43
36 30 -27402949.3
37 30 3195.02627
38 30 -2725.14999
39 30 1276.67006
40 30 409.678348
41 30 106.918665
42 30 -1125.7344
43 30 5307.18708
44 30 -4567.75852
45 30 1570.27403
46 30 315.91479
47 30 88.6504888
48 30 -4611.49152
49 30 3836.42079
50 30 -3256.14518
51 30 1373.1072
52 30 463.884396
53 30 117.413403
54 30 -1556.98374
55 30 3572.0989
56 30 -3029.59458
57 30 1875.21374
58 30 606.664339
59 30 135.202439
60 30 -1426.89763
1 31 -8672.64243
2 31 7445.91754
3 31 -11363.0259
4 31 -4151.86844
5 31 -492.166372
6 31 2869.21883
7 31 -9468.43115
8 31 8085.16059
9 31 -12299.7016
10 31 -4429.53961
11 31 -550.020551
12 31 3116.47569
13 31 -595515.434
14 31 316147.973
15 31 -88010.7816
16 31 -457759.397
17 31 -171381.545
18 31 1934105.87
19 31 -576522.017
20 31 309041.399
21 31 -84318.4645
22 31 -179509.251
23 31 -58882.604
24 31 1264302.58
25 31 -1126378.27
26 31 626174.356
27 31 78113.1915
28 31 903150.246
29 31 63489.8495
30 31 4541276.47
31 31 43617302.6
32 31 -19169999.6
33 31 5326228.86
34 31 642104.3
35 31 24448.2362
36 31 -31397760.1
37 31 -10200.7828
38 31 8101.31881
39 31 -5212.3394
40 31 -1576.48694
41 31 -468.0036
42 31 3519.4805
43 31 -10533.7423
44 31 8480.08616
45 31 -5890.93621
46 31 -1681.01864
47 31 -430.773741
48 31 3641.11573
49 31 -11096.3583
50 31 8901.13599
51 31 -5043.34873
52 31 -1518.97863
53 31 -431.09866
54 31 4172.05476
55 31 -10986.371
56 31 8810.36319
57 31 -6883.86578
58 31 -2007.49681
59 31 -496.962724
60 31 4121.10929
1 32 7404.78386
2 32 -12039.1163
3 32 22968.1408
4 32 8136.53465
5 32 1.08693032
6 32 -2688.62475
7 32 8041.80771
8 32 -13315.8573
9 32 25203.8922
10 32 8840.8248
11 32 1.38202339
12 32 -2908.6379
13 32 326576.384
14 32 -185215.071
15 32 35257.2531
16 32 119969.529
17 32 126068.567
18 32 -1059010.72
19 32 320823.052
20 32 -187098.915
21 32 48068.5655
22 32 69752.0258
23 32 68816.3684
24 32 -798873.963
25 32 625804.383
26 32 -382637.396
27 32 -55975.4576
28 32 -627016.902
29 32 32328.7531
30 32 -2564387.49
31 32 -19169999.6
32 32 23193688.2
33 32 -8570749.17
34 32 -1375932.93
35 32 34615.4749
36 32 18264809.4
37 32 8091.44939
38 32 -11805.5422
39 32 13510.1518
40 32 4218.57537
41 32 0.432768411
42 32 -3031.50952
43 32 8485.62794
44 32 -12011.2691
45 32 14080.4586
46 32 4231.08909
47 32 -0.00030765132
48 32 -3157.34268
49 32 8921.72195
50 32 -12114.7231
51 32 12700.8421
52 32 3926.00572
53 32 1.84460825
54 32 -3584.76893
55 32 8837.60405
56 32 -12689.6925
57 32 16127.973
58 32 4848.83298
59 32 4.82390049
60 32 -3554.94954
1 33 -11232.4689
2 33 22996.7933
3 33 -66331.3042
4 33 -23155.6049
5 33 444.038454
6 33 4094.14847
7 33 -12168.5977
8 33 25245.9306
9 33 -71507.3602
10 33 -24706.3909
11 33 479.790036
12 33 4371.32515
13 33 -31509.9356
14 33 51366.7223
15 33 -216054.357
16 33 -769729.012
17 33 274169.626
18 33 132544.618
19 33 -36365.5062
20 33 48176.1086
21 33 -209490.532
22 33 -398898.815
23 33 178161.789
24 33 -1766.30385
25 33 77753.1755
26 33 -55835.504
27 33 -414121.385
28 33 -1198517.65
29 33 466847.645
30 33 -934120.543
31 33 5326228.86
32 33 -8570749.17
33 33 39424599.5
34 33 17233491.2
35 33 -6780968.56
36 33 -676719.774
37 33 -5165.98548
38 33 13493.3995
39 33 -34318.5088
40 33 -9859.62032
41 33 760.207041
42 33 1563.07201
43 33 -5842.13452
44 33 14029.7554
45 33 -38887.7356
46 33 -10743.1793
47 33 794.552253
48 33 1666.93832
49 33 -5000.61809
50 33 12640.4126
51 33 -33214.6992
52 33 -9475.07648
53 33 916.670338
54 33 1501.02882
55 33 -6851.49728
56 33 16057.4693
57 33 -43057.1132
58 33 -12013.3497
59 33 862.979829
60 33 1989.22356
1 34 -4096.48044
2 34 8153.42358
3 34 -23160.9532
4 34 -8702.30001
5 34 98.136068
6 34 1580.65912
7 34 -4373.50217
8 34 8861.8629
9 34 -24710.3535
10 34 -9180.08514
11 34 106.893777
12 34 1664.71642
13 34 26925.5269
14 34 112704.722
15 34 -670569.485
16 34 -3771075.8
17 34 1323164.45
18 34 197744.962
19 34 77966.4212
20 34 13705.1087
21 34 -356746.436
22 34 -1290968.55
23 34 712260.976
24 34 -434289.714
25 34 902989.962
26 34 -627615.535
27 34 -1199719.52
28 34 -5753571.63
29 34 2038218.12
30 34 -6755327.99
31 34 642104.3
32 34 -1375932.93
33 34 17233491.2
34 34 38216058.9
35 34 -13905409.2
36 34 10691056.6
37 34 -1564.50681
38 34 4213.51193
39 34 -9852.74369
40 34 -2937.8534
41 34 178.693771
42 34 477.954133
43 34 -1671.93327
44 34 4224.1069
45 34 -10747.2669
46 34 -3081.08355
47 34 186.081891
48 34 482.761345
49 34 -1507.93833
50 34 3918.79642
51 34 -9485.70547
52 34 -2805.03959
53 34 238.07284
54 34 462.322553
55 34 -1994.14838
56 34 4837.50227
57 34 -12023.8327
58 34 -3505.93317
59 34 256.989717
60 34 558.830679
1 35 -491.689295
2 35 -0.99399226
3 35 449.447729
4 35 100.564006
5 35 -144.945456
6 35 124.881785
7 35 -549.110152
8 35 -1.28283087
9 35 485.830659
10 35 109.573533
11 35 -161.096207
12 35 140.405494
13 35 200602.979
14 35 -167099.965
15 35 372896.406
16 35 2179125.07
17 35 -562868.12
18 35 -1514823.73
19 35 76477.5365
20 35 -77101.7468
21 35 185304.903
22 35 889945.683
23 35 -402743.755
24 35 -566134.17
25 35 64414.3531
26 35 31796.5848
27 35 466765.035
28 35 2034841.39
29 35 -1285215.56
30 35 -179783.43
31 35 24448.2362
32 35 34615.4749
33 35 -6780968.56
34 35 -13905409.2
35 35 17568440.7
36 35 3418881.82
37 35 -468.875311
38 35 -0.368092907
39 35 761.407647
40 35 179.882707
41 35 -224.064185
42 35 113.643338
43 35 -434.735938
44 35 0.0444170566
45 35 797.310976
46 35 187.856931
47 35 -227.152499
48 35 104.139377
49 35 -436.14688
50 35 -1.81838274
51 35 919.506919
52 35 241.041675
53 35 -267.707448
54 35 104.584363
55 35 -498.503639
56 35 -4.71659005
57 35 866.407777
58 35 260.009798
59 35 -290.570863
60 35 109.235127
1 36 2869.49336
2 36 -2707.63268
3 36 4154.10718
4 36 1606.60267
5 36 125.303815
6 36 -1001.63824
7 36 3116.77191
8 36 -2928.42906
9 36 4431.61132
10 36 1690.97126
11 36 141.014608
12 36 -1082.18715
13 36 1878460.6
14 36 -985286.316
15 36 320717.575
16 36 2759873.39
17 36 1266982.1
18 36 -10506008.9
19 36 1207514.3
20 36 -709943.115
21 36 109293.538
22 36 727338.859
23 36 461131.255
24 36 -5091206.18
25 36 4544241.96
26 36 -2568474.48
27 36 -936146.309
28 36 -6759328.85
29 36 -174266.768
30 36 -27402949.3
31 36 -31397760.1
32 36 18264809.4
33 36 -676719.774
34 36 10691056.6
35 36 3418881.82
36 36 92087261.4
37 36 3512.66625
38 36 -3029.09828
39 36 1577.84592
40 36 481.968288
41 36 113.262811
42 36 -1294.25585
43 36 3634.96075
44 36 -3150.41837
45 36 1685.94325
46 36 487.056709
47 36 103.054402
48 36 -1343.00756
49 36 4156.38766
50 36 -3564.47296
51 36 1525.71064
52 36 471.508861
53 36 104.8765
54 36 -1738.91537
55 36 4102.60353
56 36 -3528.01619
57 36 2012.16445
58 36 577.822941
59 36 117.364803
60 36 -1880.25573
1 37 -9475.51584
2 37 7602.1132
3 37 -6588.39059
4 37 -1915.71639
5 37 -696.550096
6 37 4893.06734
7 37 -10592.8198
8 37 8410.67349
9 37 -7770.04533
10 37 -2248.97448
11 37 -816.264818
12 37 4862.15701
13 37 -10949.2757
14 37 8740.59708
15 37 -4476.67379
16 37 -1179.75666
17 37 -315.273844
18 37 4578.41881
19 37 -10621.6941
20 37 8442.03819
21 37 -4512.49735
22 37 -1143.9753
23 37 -288.061255
24 37 4481.44073
25 37 -9480.67858
26 37 7429.57409
27 37 -3989.30241
28 37 -1261.98862
29 37 -438.639909
30 37 3195.02627
31 37 -10200.7828
32 37 8091.44939
33 37 -5165.98548
34 37 -1564.50681
35 37 -468.875311
36 37 3512.66625
37 37 24500898.3
38 37 -9785763.17
39 37 2820066.51
40 37 723913.706
41 37 442683.879
42 37 -7471721.09
43 37 -55114.4686
44 37 38140.9549
45 37 -20100.5293
46 37 3962.43958
47 37 4820.58881
48 37 118807.345
49 37 -135483.432
50 37 70787.3735
51 37 -36388.5623
52 37 -5450.70458
53 37 -13.7299413
54 37 201972.178
55 37 -66875.8546
56 37 45143.9567
57 37 -19350.2737
58 37 -4356.79141
59 37 1059.72847
60 37 148059.482
1 38 7616.15265
2 38 -11756.8821
3 38 16662.2723
4 38 4989.7651
5 38 173.612072
6 38 -4229.2459
7 38 8425.42604
8 38 -13615.8332
9 38 19759.9986
10 38 5984.586
11 38 176.03121
12 38 -4201.465
13 38 8813.37658
14 38 -12358.3645
15 38 12442.0768
16 38 3623.85373
17 38 10.5874278
18 38 -4052.65571
19 38 8506.81948
20 38 -12169.0298
21 38 12397.5284
22 38 3596.92386
23 38 10.4683958
24 38 -3961.35445
25 38 7441.31629
26 38 -10666.6772
27 38 11197.1287
28 38 3597.88963
29 38 0.053268136
30 38 -2725.14999
31 38 8101.31881
32 38 -11805.5422
33 38 13493.3995
34 38 4213.51193
35 38 -0.368092907
36 38 -3029.09828
37 38 -9785763.17
38 38 18306147.1
39 38 -5870999.98
40 38 -1591374.98
41 38 625.666633
42 38 5109221.39
43 38 38356.0621
44 38 -36756.1863
45 38 19021.0869
46 38 -11474.9286
47 38 3410.66341
48 38 -103852.686
49 38 72392.4373
50 38 -51337.354
51 38 24451.6408
52 38 -4125.44177
53 38 8132.14486
54 38 -141593.482
55 38 46195.5272
56 38 -41918.9352
57 38 19309.3193
58 38 -5826.12734
59 38 8735.33184
60 38 -127387.702
1 39 -6636.61003
2 39 16679.8792
3 39 -43921.5265
4 39 -14450.5587
5 39 2410.57234
6 39 1679.31743
7 39 -7826.68011
8 39 19790.1329
9 39 -50185.8159
10 39 -15849.6815
11 39 1951.3814
12 39 2167.39594
13 39 -4499.05402
14 39 12416.0461
15 39 -32072.5678
16 39 -9721.79248
17 39 1121.1674
18 39 1167.74291
19 39 -4527.15986
20 39 12367.8026
21 39 -32412.4692
22 39 -9872.69815
23 39 1094.65845
24 39 1129.30236
25 39 -4039.23073
26 39 11218.888
27 39 -27819.876
28 39 -8120.69693
29 39 697.790704
30 39 1276.67006
31 39 -5212.3394
32 39 13510.1518
33 39 -34318.5088
34 39 -9852.74369
35 39 761.407647
36 39 1577.84592
37 39 2820066.51
38 39 -5870999.98
39 39 28862286.4
40 39 6878305.87
41 39 -2498738.59
42 39 -724195.488
43 39 -19381.5675
44 39 19340.7359
45 39 -76528.7246
46 39 -64202.309
47 39 40258.1609
48 39 -8786.87105
49 39 -30675.9528
50 39 24652.6249
51 39 -110768.326
52 39 -84851.8566
53 39 43258.6924
54 39 -10138.9312
55 39 -17075.5076
56 39 20472.6533
57 39 -84421.8513
58 39 -74241.8862
59 39 47419.7866
60 39 -8309.30618
1 40 723191.512
2 40 -339775.8
3 40 -5687196.75
4 40 -833836796
5 40 706303072
6 40 -149487110
7 40 486779.154
8 40 -231091.52
9 40 -4021099.64
10 40 -606420016
11 40 507983491
12 40 -104114828
13 40 -1170.90924
14 40 3634.00645
15 40 -9760.8088
16 40 -3206.40948
17 40 399.908208
18 40 53.8110929
19 40 -1133.98411
20 40 3606.07584
21 40 -9902.01652
22 40 -3263.0979
23 40 396.373907
24 40 23.6709556
25 40 -1275.08959
26 40 3604.04146
27 40 -8125.97223
28 40 -2465.38015
29 40 156.105574
30 40 409.678348
31 40 -1576.48694
32 40 4218.57537
33 40 -9859.62032
34 40 -2937.8534
35 40 179.882707
36 40 481.968288
37 40 723913.706
38 40 -1591374.98
39 40 6878305.87
40 40 1.58821471e+09
41 40 -1.34446238e+09
42 40 419501730
43 40 10212.1212
44 40 -13358.5416
45 40 -64378.9728
46 40 -177025.658
47 40 133598.289
48 40 -116779.863
49 40 17044.071
50 40 -10212.4254
51 40 -82655.0084
52 40 -188532.484
53 40 145808.715
54 40 -121643.641
55 40 15766.9536
56 40 -11227.448
57 40 -71607.7849
58 40 -194913.636
59 40 159003.933
60 40 -122868.828
1 41 -547339.801
2 41 233770.48
3 41 4845620.12
4 41 712314771
5 41 -602523725
6 41 109464996
7 41 -361370.104
8 41 155479.372
9 41 3416757.89
10 41 517317394
11 41 -432735963
12 41 74324113.7
13 41 -315.391889
14 41 -10.3373063
15 41 1122.89144
16 41 400.847646
17 41 -439.700813
18 41 14.5286439
19 41 -289.439762
20 41 -10.1598617
21 41 1093.62535
22 41 397.328132
23 41 -438.800536
24 41 8.38230364
25 41 -436.990303
26 41 0.00227243501
27 41 697.136473
28 41 155.176634
29 41 -198.410195
30 41 106.918665
31 41 -468.0036
32 41 0.432768411
33 41 760.207041
34 41 178.693771
35 41 -224.064185
36 41 113.262811
37 41 442683.879
38 41 625.666633
39 41 -2498738.59
40 41 -1.34446238e+09
41 41 1.14853442e+09
42 41 -189211842
43 41 7041.37076
44 41 -1625.40493
45 41 39493.6024
46 41 130019.611
47 41 -117697.248
48 41 -31942.1421
49 41 7981.4151
50 41 -7232.69515
51 41 41063.3665
52 41 144753.472
53 41 -120303.172
54 41 -55243.1773
55 41 9076.98949
56 41 -7771.02628
57 41 44813.5666
58 41 157697.258
59 41 -132577.158
60 41 -60942.2874
1 42 4973043.65
2 42 -4136263.21
3 42 -749663.846
4 42 -82492190.7
5 42 126887854
6 42 -1.24319102e+09
7 42 3902065.5
8 42 -3204642.5
9 42 -848851.97
10 42 -108666166
11 42 132208395
12 42 -994943175
13 42 4569.26282
14 42 -4005.6016
15 42 1182.53744
16 42 79.8071046
17 42 29.3368001
18 42 -2510.7547
19 42 4459.90197
20 42 -3906.55231
21 42 1148.11907
22 42 50.7892922
23 42 22.7743557
24 42 -2486.41995
25 42 3201.2492
26 42 -2726.12843
27 42 1260.3394
28 42 405.230345
29 42 107.590312
30 42 -1125.7344
31 42 3519.4805
32 42 -3031.50952
33 42 1563.07201
34 42 477.954133
35 42 113.643338
36 42 -1294.25585
37 42 -7471721.09
38 42 5109221.39
39 42 -724195.488
40 42 419501730
41 42 -189211842
42 42 1.75126161e+09
43 42 117139.008
44 42 -101247.916
45 42 -7147.09679
46 42 -85943.9788
47 42 -7439.35243
48 42 -628737.536
49 42 195522.786
50 42 -130518.43
51 42 -2184.29793
52 42 -26302.0701
53 42 25011.1436
54 42 -759140.661
55 42 140673.676
56 42 -115717.744
57 42 -3874.19098
58 42 -25775.6922
59 42 24116.9008
60 42 -753097.991
1 43 -10250.4934
2 43 8482.12136
3 43 -9824.44481
4 43 -2871.0671
5 43 -582.570309
6 43 3272.33674
7 43 -10824.2535
8 43 8826.1833
9 43 -10018.8463
10 43 -2963.02356
11 43 -649.455596
12 43 3458.99294
13 43 -11266.6502
14 43 9075.62581
15 43 -6285.11653
16 43 -1909.27331
17 43 -502.50302
18 43 5469.24993
19 43 -10777.7459
20 43 8654.99388
21 43 -5500.48953
22 43 -1625.49188
23 43 -428.439535
24 43 5379.84672
25 43 -11108.1007
26 43 8934.98143
27 43 -5591.85106
28 43 -1521.11114
29 43 -400.590965
30 43 5307.18708
31 43 -10533.7423
32 43 8485.62794
33 43 -5842.13452
34 43 -1671.93327
35 43 -434.735938
36 43 3634.96075
37 43 -55114.4686
38 43 38356.0621
39 43 -19381.5675
40 43 10212.1212
41 43 7041.37076
42 43 117139.008
43 43 22436088.7
44 43 -8841318.24
45 43 2614503.17
46 43 660063.658
47 43 363671.525
48 43 -7672795.21
49 43 -99484.3989
50 43 74643.6155
51 43 -24113.6908
52 43 -32434.4801
53 43 -13590.9856
54 43 524432.072
55 43 -143825.817
56 43 111365.143
57 43 -27932.0458
58 43 -56965.6135
59 43 -20421.1916
60 43 984574.831
1 44 8483.44951
2 44 -13691.8143
3 44 22930.403
4 44 6796.84985
5 44 -0.130206366
6 44 -2912.96453
7 44 8825.4988
8 44 -14530.3382
9 44 23836.1976
10 44 7178.86852
11 44 -0.0622476083
12 44 -3057.65074
13 44 9133.51408
14 44 -12782.8575
15 44 15346.7168
16 44 4707.44539
17 44 27.2718726
18 44 -4732.33407
19 44 8702.21435
20 44 -12097.4714
21 44 13784.6649
22 44 4204.11899
23 44 28.8433037
24 44 -4637.06682
25 44 8924.66687
26 44 -12426.3189
27 44 13837.4051
28 44 4107.16677
29 44 -12.681249
30 44 -4567.75852
31 44 8480.08616
32 44 -12011.2691
33 44 14029.7554
34 44 4224.1069
35 44 0.0444170566
36 44 -3150.41837
37 44 38140.9549
38 44 -36756.1863
39 44 19340.7359
40 44 -13358.5416
41 44 -1625.40493
42 44 -101247.916
43 44 -8841318.24
44 44 17776902.5
45 44 -6096481.2
46 44 -1569521.55
47 44 13547.1921
48 44 5885802.37
49 44 77242.9808
50 44 -68450.7511
51 44 20557.3043
52 44 -5891.98276
53 44 41704.069
54 44 -456896.075
55 44 116273.536
56 44 -101148.74
57 44 19934.4604
58 44 -20184.5161
59 44 77681.079
60 44 -860039.028
1 45 -9887.034
2 45 22994.4196
3 45 -65298.6654
4 45 -17943.5794
5 45 632.80755
6 45 2887.8993
7 45 -10083.2014
8 45 23912.617
9 45 -66478.3097
10 45 -18466.9042
11 45 664.737807
12 45 2980.43336
13 45 -6309.95322
14 45 15327.6444
15 45 -40622.158
16 45 -11891.9039
17 45 1229.88729
18 45 1866.40779
19 45 -5505.03702
20 45 13758.302
21 45 -37823.7709
22 45 -11106.0949
23 45 1228.67747
24 45 1572.62548
25 45 -5669.86913
26 45 13893.4634
27 45 -37945.1167
28 45 -11052.577
29 45 1230.1721
30 45 1570.27403
31 45 -5890.93621
32 45 14080.4586
33 45 -38887.7356
34 45 -10747.2669
35 45 797.310976
36 45 1685.94325
37 45 -20100.5293
38 45 19021.0869
39 45 -76528.7246
40 45 -64378.9728
41 45 39493.6024
42 45 -7147.09679
43 45 2614503.17
44 45 -6096481.2
45 45 29011160
46 45 7472457.61
47 45 -3171755.1
48 45 -673610.85
49 45 -18279.6031
50 45 25084.1146
51 45 -123195.13
52 45 -267395.25
53 45 207710.281
54 45 -17813.9056
55 45 -17193.8035
56 45 28446.3307
57 45 -169122.618
58 45 -486837.798
59 45 388180.356
60 45 -38405.0192
1 46 -2885.06181
2 46 6810.81577
3 46 -17942.5467
4 46 -5055.84521
5 46 140.797124
6 46 865.743493
7 46 -2976.87303
8 46 7195.13787
9 46 -18463.943
10 46 -5277.28335
11 46 149.088862
12 46 906.05938
13 46 -1848.23893
14 46 4681.07753
15 46 -11921.6212
16 46 -3927.72687
17 46 695.924983
18 46 454.865995
19 46 -1551.63276
20 46 4168.71285
21 46 -11119.8911
22 46 -3695.59501
23 46 702.43456
24 46 343.10236
25 46 -1578.76917
26 46 4136.68115
27 46 -11057.0227
28 46 -3640.1401
29 46 679.767375
30 46 315.91479
31 46 -1681.01864
32 46 4231.08909
33 46 -10743.1793
34 46 -3081.08355
35 46 187.856931
36 46 487.056709
37 46 3962.43958
38 46 -11474.9286
39 46 -64202.309
40 46 -177025.658
41 46 130019.611
42 46 -85943.9788
43 46 660063.658
44 46 -1569521.55
45 46 7472457.61
46 46 17852430.1
47 46 -7054303.41
48 46 2119107.59
49 46 50013.5533
50 46 -22353.6659
51 46 -249273.89
52 46 -1296082.4
53 46 1104729.31
54 46 -453673.07
55 46 101663.147
56 46 -53196.9592
57 46 -448408.397
58 46 -2461350.93
59 46 2094993.12
60 46 -923295.786
1 47 -580.342284
2 47 0.208082433
3 47 628.81682
4 47 139.259448
5 47 -194.661661
6 47 140.45241
7 47 -646.674321
8 47 0.136884152
9 47 660.55373
10 47 147.43902
11 47 -212.03014
12 47 158.701877
13 47 -475.008415
14 47 -27.4692159
15 47 1234.81796
16 47 703.169386
17 47 -663.039164
18 47 68.1943159
19 47 -399.401209
20 47 -28.8752879
21 47 1228.17419
22 47 709.276531
23 47 -664.715934
24 47 47.4122796
25 47 -410.635605
26 47 14.2285071
27 47 1233.95577
28 47 676.430273
29 47 -651.402376
30 47 88.6504888
31 47 -430.773741
32 47 -0.00030765132
33 47 794.552253
34 47 186.081891
35 47 -227.152499
36 47 103.054402
37 47 4820.58881
38 47 3410.66341
39 47 40258.1609
40 47 133598.289
41 47 -117697.248
42 47 -7439.35243
43 47 363671.525
44 47 13547.1921
45 47 -3171755.1
46 47 -7054303.41
47 47 14512059.7
48 47 1139906.46
49 47 21121.1184
50 47 -32335.2896
51 47 198074.674
52 47 1137398.64
53 47 -917918.193
54 47 -280690.547
55 47 47127.5445
56 47 -63622.4979
57 47 366814.95
58 47 2158054.89
59 47 -1744336.19
60 47 -590693.148
1 48 3274.25243
2 48 -2913.95189
3 48 2868.14303
4 48 861.175959
5 48 141.191507
6 48 -1096.64365
7 48 3460.82108
8 48 -3058.95316
9 48 2959.38039
10 48 901.300122
11 48 159.618711
12 48 -1160.2291
13 48 5471.00218
14 48 -4694.48197
15 48 1891.50267
16 48 571.345078
17 48 145.479278
18 48 -4869.15018
19 48 5359.01799
20 48 -4584.42942
21 48 1604.4842
22 48 471.116709
23 48 129.910264
24 48 -4892.17394
25 48 5337.6432
26 48 -4609.18038
27 48 1527.90243
28 48 244.666
29 48 51.8462998
30 48 -4611.49152
31 48 3641.11573
32 48 -3157.34268
33 48 1666.93832
34 48 482.761345
35 48 104.139377
36 48 -1343.00756
37 48 118807.345
38 48 -103852.686
39 48 -8786.87105
40 48 -116779.863
41 48 -31942.1421
42 48 -628737.536
43 48 -7672795.21
44 48 5885802.37
45 48 -673610.85
46 48 2119107.59
47 48 1139906.46
48 48 32547677
49 48 500708.019
50 48 -413388.692
51 48 -7948.20609
52 48 99933.9865
53 48 277601.986
54 48 -4520586.86
55 48 928118.518
56 48 -766279.104
57 48 -18305.3764
58 48 155918.67
59 48 478997.747
60 48 -8825790.55
1 49 -9808.86411
2 49 8041.19741
3 49 -8177.23347
4 49 -2465.21235
5 49 -554.122195
6 49 3183.33234
7 49 -10492.8083
8 49 8540.35589
9 49 -9063.22637
10 49 -2714.19911
11 49 -608.675176
12 49 3372.75847
13 49 -10527.8479
14 49 8233.96319
15 49 -4858.75532
16 49 -1625.60986
17 49 -553.862711
18 49 3710.63215
19 49 -37459.3527
20 49 30966.8381
21 49 -6131.08979
22 49 -17900.6813
23 49 -3363.41918
24 49 300525.934
25 49 -10479.0954
26 49 8242.0669
27 49 -4147.78616
28 49 -1353.25986
29 49 -478.387043
30 49 3836.42079
31 49 -11096.3583
32 49 8921.72195
33 49 -5000.61809
34 49 -1507.93833
35 49 -436.14688
36 49 4156.38766
37 49 -135483.432
38 49 72392.4373
39 49 -30675.9528
40 49 17044.071
41 49 7981.4151
42 49 195522.786
43 49 -99484.3989
44 49 77242.9808
45 49 -18279.6031
46 49 50013.5533
47 49 21121.1184
48 49 500708.019
49 49 24482759
50 49 -9742228.83
51 49 3007114.92
52 49 969273.46
53 49 650397.155
54 49 -9399471.09
55 49 -155050.968
56 49 119966.319
57 49 -22619.3041
58 49 -16634.7466
59 49 2666.39376
60 49 1060435.47
1 50 8031.23139
2 50 -12730.4972
3 50 20014.7174
4 50 6046.10093
5 50 -0.383540468
6 50 -2806.10767
7 50 8524.83926
8 50 -13980.7107
9 50 22234.6887
10 50 6743.27767
11 50 -0.529691682
12 50 -2962.60761
13 50 8262.81736
14 50 -11950.127
15 50 13390.4025
16 50 4347.84446
17 50 0.64731826
18 50 -3166.96684
19 50 31780.1737
20 50 -31539.0001
21 50 12215.56
22 50 4860.80845
23 50 13878.4962
24 50 -261034.521
25 50 8228.99501
26 50 -11411.4651
27 50 11447.9633
28 50 3716.51263
29 50 -1.33035877
30 50 -3256.14518
31 50 8901.13599
32 50 -12114.7231
33 50 12640.4126
34 50 3918.79642
35 50 -1.81838274
36 50 -3564.47296
37 50 70787.3735
38 50 -51337.354
39 50 24652.6249
40 50 -10212.4254
41 50 -7232.69515
42 50 -130518.43
43 50 74643.6155
44 50 -68450.7511
45 50 25084.1146
46 50 -22353.6659
47 50 -32335.2896
48 50 -413388.692
49 50 -9742228.83
50 50 18279857.7
51 50 -6341604.7
52 50 -2027985.96
53 50 -2914.50044
54 50 6721342.38
55 50 119988.308
56 50 -105749.008
57 50 27794.3842
58 50 16763.5524
59 50 -3163.37514
60 50 -899731.657
1 51 -8222.62589
2 51 20082.2144
3 51 -55676.3637
4 51 -15538.4755
5 51 636.3944
6 51 2478.11212
7 51 -9105.33771
8 51 22316.7373
9 51 -60438.1646
10 51 -16995.5643
11 51 652.988586
12 51 2726.24263
13 51 -4893.09594
14 51 13383.7608
15 51 -31544.8091
16 51 -9314.06668
17 51 787.198866
18 51 1634.88232
19 51 -4206.26115
20 51 13879.547
21 51 -54724.5999
22 51 -152897.162
23 51 121126.895
24 51 821.219601
25 51 -4199.6779
26 51 11503.5804
27 51 -28270.3021
28 51 -8320.34493
29 51 842.127597
30 51 1373.1072
31 51 -5043.34873
32 51 12700.8421
33 51 -33214.6992
34 51 -9485.70547
35 51 919.506919
36 51 1525.71064
37 51 -36388.5623
38 51 24451.6408
39 51 -110768.326
40 51 -82655.0084
41 51 41063.3665
42 51 -2184.29793
43 51 -24113.6908
44 51 20557.3043
45 51 -123195.13
46 51 -249273.89
47 51 198074.674
48 51 -7948.20609
49 51 3007114.92
50 51 -6341604.7
51 51 29812425.2
52 51 8150123.57
53 51 -3373664.76
54 51 -966358.959
55 51 -22752.1984
56 51 27806.4921
57 51 -163083.292
58 51 -494953.264
59 51 393725.5
60 51 20369.5224
1 52 -2471.14089
2 52 6052.71967
3 52 -15524.2243
4 52 -4441.86503
5 52 141.986002
6 52 762.345963
7 52 -2717.8281
8 52 6751.16807
9 52 -16977.1287
10 52 -4897.25746
11 52 146.104348
12 52 830.918341
13 52 -1639.11993
14 52 4356.90788
15 52 -9336.63252
16 52 -2857.27388
17 52 193.765082
18 52 563.084753
19 52 16655.4615
20 52 -3232.93152
21 52 -149574.288
22 52 -900734.57
23 52 762314.468
24 52 -156829.368
25 52 -1366.20646
26 52 3721.99506
27 52 -8309.08443
28 52 -2543.63519
29 52 214.93668
30 52 463.884396
31 52 -1518.97863
32 52 3926.00572
33 52 -9475.07648
34 52 -2805.03959
35 52 241.041675
36 52 471.508861
37 52 -5450.70458
38 52 -4125.44177
39 52 -84851.8566
40 52 -188532.484
41 52 144753.472
42 52 -26302.0701
43 52 -32434.4801
44 52 -5891.98276
45 52 -267395.25
46 52 -1296082.4
47 52 1137398.64
48 52 99933.9865
49 52 969273.46
50 52 -2027985.96
51 52 8150123.57
52 52 19567446.1
53 52 -8277223.09
54 52 -312266.956
55 52 -17597.6741
56 52 17081.5852
57 52 -490450.415
58 52 -2909335.07
59 52 2366070.02
60 52 134052.93
1 53 -549.329983
2 53 0.385106017
3 53 629.511967
4 53 139.219904
5 53 -190.967404
6 53 132.75648
7 53 -603.292878
8 53 0.519244342
9 53 644.980894
10 53 142.907975
11 53 -202.848057
12 53 146.936026
13 53 -555.334423
14 53 -0.653261288
15 53 790.471065
16 53 194.456714
17 53 -235.382571
18 53 135.789278
19 53 11837.7262
20 53 -17154.8426
21 53 122658.881
22 53 790043.935
23 53 -653331.96
24 53 -171679.738
25 53 -472.656715
26 53 1.33319032
27 53 838.985291
28 53 212.093419
29 53 -248.198554
30 53 117.413403
31 53 -431.09866
32 53 1.84460825
33 53 916.670338
34 53 238.07284
35 53 -267.707448
36 53 104.8765
37 53 -13.7299413
38 53 8132.14486
39 53 43258.6924
40 53 145808.715
41 53 -120303.172
42 53 25011.1436
43 53 -13590.9856
44 53 41704.069
45 53 207710.281
46 53 1104729.31
47 53 -917918.193
48 53 277601.986
49 53 650397.155
50 53 -2914.50044
51 53 -3373664.76
52 53 -8277223.09
53 53 15249025.6
54 53 -221127.811
55 53 2539.3087
56 53 -2635.6191
57 53 390159.127
58 53 2367166.72
59 53 -2017347.07
60 53 -26369.4931
1 54 3186.60711
2 54 -2811.57656
3 54 2458.18753
4 54 758.613769
5 54 133.963226
6 54 -1082.09387
7 54 3375.90062
8 54 -2969.39269
9 54 2705.73588
10 54 827.416254
11 54 148.289003
12 54 -1136.31927
13 54 3720.17314
14 54 -3165.01915
15 54 1629.82813
16 54 560.952478
17 54 136.232241
18 54 -1435.37786
19 54 301401.788
20 54 -253068.296
21 54 4054.29026
22 54 106454.264
23 54 93672.8189
24 54 -3264135.63
25 54 3848.74152
26 54 -3270.61643
27 54 1346.22346
28 54 454.550854
29 54 117.55203
30 54 -1556.98374
31 54 4172.05476
32 54 -3584.76893
33 54 1501.02882
34 54 462.322553
35 54 104.584363
36 54 -1738.91537
37 54 201972.178
38 54 -141593.482
39 54 -10138.9312
40 54 -121643.641
41 54 -55243.1773
42 54 -759140.661
43 54 524432.072
44 54 -456896.075
45 54 -17813.9056
46 54 -453673.07
47 54 -280690.547
48 54 -4520586.86
49 54 -9399471.09
50 54 6721342.38
51 54 -966358.959
52 54 -312266.956
53 54 -221127.811
54 54 39087134.2
55 54 1051017.5
56 54 -891486.903
57 54 19667.0509
58 54 125439.063
59 54 -29690.0138
60 54 -10660008.1
1 55 -10370.0418
2 55 8498.05528
3 55 -10307.1851
4 55 -3360.4956
5 55 -725.835735
6 55 3533.99633
7 55 -10834.5034
8 55 8862.33916
9 55 -11060.3251
10 55 -3466.61725
11 55 -732.047212
12 55 3586.36134
13 55 -10514.6772
14 55 8257.12522
15 55 -7051.54879
16 55 -2609.55674
17 55 -753.051615
18 55 4062.92847
19 55 -37355.4444
20 55 30904.2118
21 55 -8343.79029
22 55 -19067.1154
23 55 -3561.83313
24 55 303356.936
25 55 -10064.9011
26 55 7876.93345
27 55 -6008.89103
28 55 -1859.02678
29 55 -552.320481
30 55 3572.0989
31 55 -10986.371
32 55 8837.60405
33 55 -6851.49728
34 55 -1994.14838
35 55 -498.503639
36 55 4102.60353
37 55 -66875.8546
38 55 46195.5272
39 55 -17075.5076
40 55 15766.9536
41 55 9076.98949
42 55 140673.676
43 55 -143825.817
44 55 116273.536
45 55 -17193.8035
46 55 101663.147
47 55 47127.5445
48 55 928118.518
49 55 -155050.968
50 55 119988.308
51 55 -22752.1984
52 55 -17597.6741
53 55 2539.3087
54 55 1051017.5
55 55 22673599.3
56 55 -8492542.96
57 55 2647169.05
58 55 856000.027
59 55 772933.363
60 55 -9030567.32
1 56 8501.78472
2 56 -14130.8709
3 56 24107.8773
4 56 7906.11719
5 56 -6.13048308
6 56 -3157.3684
7 56 8854.41931
8 56 -15030.4535
9 56 25836.8139
10 56 8231.78884
11 56 -4.6623151
12 56 -3191.7968
13 56 8283.65957
14 56 -12786.6845
15 56 17375.4095
16 56 6358.41999
17 56 1.96461086
18 56 -3511.5556
19 56 31720.4545
20 56 -32272.5704
21 56 16178.3914
22 56 6599.11857
23 56 14239.3334
24 56 -263523.143
25 56 7858.57245
26 56 -11759.4624
27 56 14925.2984
28 56 4667.66126
29 56 -2.31946441
30 56 -3029.59458
31 56 8810.36319
32 56 -12689.6925
33 56 16057.4693
34 56 4837.50227
35 56 -4.71659005
36 56 -3528.01619
37 56 45143.9567
38 56 -41918.9352
39 56 20472.6533
40 56 -11227.448
41 56 -7771.02628
42 56 -115717.744
43 56 111365.143
44 56 -101148.74
45 56 28446.3307
46 56 -53196.9592
47 56 -63622.4979
48 56 -766279.104
49 56 119966.319
50 56 -105749.008
51 56 27806.4921
52 56 17081.5852
53 56 -2635.6191
54 56 -891486.903
55 56 -8492542.96
56 56 17629854.1
57 56 -6915498.73
58 56 -2261788.69
59 56 -9649.10633
60 56 6735158.63
1 57 -10355.9056
2 57 24146.2155
3 57 -66883.7827
4 57 -19578.1055
5 57 647.977943
6 57 3391.23039
7 57 -11099.836
8 57 25902.5195
9 57 -70984.8778
10 57 -20491.7934
11 57 646.506822
12 57 3489.636
13 57 -7087.65789
14 57 17375.0202
15 57 -42437.9204
16 57 -13623.7396
17 57 783.13637
18 57 2617.08271
19 57 -6360.28062
20 57 17885.2795
21 57 -65643.2797
22 57 -158550.526
23 57 122285.745
24 57 1457.3636
25 57 -6049.80078
26 57 14992.8294
27 57 -37955.0883
28 57 -10782.5183
29 57 729.623145
30 57 1875.21374
31 57 -6883.86578
32 57 16127.973
33 57 -43057.1132
34 57 -12023.8327
35 57 866.407777
36 57 2012.16445
37 57 -19350.2737
38 57 19309.3193
39 57 -84421.8513
40 57 -71607.7849
41 57 44813.5666
42 57 -3874.19098
43 57 -27932.0458
44 57 19934.4604
45 57 -169122.618
46 57 -448408.397
47 57 366814.95
48 57 -18305.3764
49 57 -22619.3041
50 57 27794.3842
51 57 -163083.292
52 57 -490450.415
53 57 390159.127
54 57 19667.0509
55 57 2647169.05
56 57 -6915498.73
57 57 29601833.2
58 57 8466141.03
59 57 -3542317.35
60 57 -846350.921
1 58 -3384.57707
2 58 7882.03273
3 58 -19576.8493
4 58 -6711.70579
5 58 173.386279
6 58 1393.42824
7 58 -3481.60657
8 58 8219.83183
9 58 -20483.4884
10 58 -6650.04333
11 58 164.92186
12 58 1303.11893
13 58 -2625.31225
14 58 6387.55609
15 58 -13668.8216
16 58 -5616.1748
17 58 272.140665
18 58 1240.85951
19 58 16522.8842
20 58 -1753.93925
21 58 -156639.411
22 58 -921321.984
23 58 777837.246
24 58 -164598.385
25 58 -1868.97427
26 58 4676.17255
27 58 -10769.3719
28 58 -3176.44907
29 58 189.902319
30 58 606.664339
31 58 -2007.49681
32 58 4848.83298
33 58 -12013.3497
34 58 -3505.93317
35 58 260.009798
36 58 577.822941
37 58 -4356.79141
38 58 -5826.12734
39 58 -74241.8862
40 58 -194913.636
41 58 157697.258
42 58 -25775.6922
43 58 -56965.6135
44 58 -20184.5161
45 58 -486837.798
46 58 -2461350.93
47 58 2158054.89
48 58 155918.67
49 58 -16634.7466
50 58 16763.5524
51 58 -494953.264
52 58 -2909335.07
53 58 2367166.72
54 58 125439.063
55 58 856000.027
56 58 -2261788.69
57 58 8466141.03
58 58 22455091.5
59 58 -10675627.4
60 58 -517070.336
1 59 -729.481113
2 59 6.41708599
3 59 627.94453
4 59 157.410582
5 59 -252.586933
6 59 245.754805
7 59 -732.852371
8 59 4.841583
9 59 629.06059
10 59 152.512087
11 59 -243.743425
12 59 227.013555
13 59 -754.01465
14 59 -2.2329438
15 59 788.114272
16 59 273.740433
17 59 -357.095628
18 59 265.124623
19 59 12049.9483
20 59 -17639.5892
21 59 125032.764
22 59 805801.821
23 59 -666312.379
24 59 -176807.566
25 59 -548.522962
26 59 2.30996831
27 59 724.479892
28 59 186.710314
29 59 -230.667832
30 59 135.202439
31 59 -496.962724
32 59 4.82390049
33 59 862.979829
34 59 256.989717
35 59 -290.570863
36 59 117.364803
37 59 1059.72847
38 59 8735.33184
39 59 47419.7866
40 59 159003.933
41 59 -132577.158
42 59 24116.9008
43 59 -20421.1916
44 59 77681.079
45 59 388180.356
46 59 2094993.12
47 59 -1744336.19
48 59 478997.747
49 59 2666.39376
50 59 -3163.37514
51 59 393725.5
52 59 2366070.02
53 59 -2017347.07
54 59 -29690.0138
55 59 772933.363
56 59 -9649.10633
57 59 -3542317.35
58 59 -10675627.4
59 59 17287534.1
60 59 -466959.406
1 60 3531.14855
2 60 -3138.82037
3 60 3353.11062
4 60 1363.95256
5 60 237.700087
6 60 -1388.44092
7 60 3585.26672
8 60 -3182.43723
9 60 3458.08239
10 60 1282.16002
11 60 221.862907
12 60 -1334.62787
13 60 4080.0192
14 60 -3517.01791
15 60 2618.04283
16 60 1244.7816
17 60 270.806422
18 60 -2111.07807
19 60 307173.037
20 60 -257942.552
21 60 4886.17349
22 60 107801.51
23 60 96646.9252
24 60 -3325484.33
25 60 3582.29295
26 60 -3043.27864
27 60 1852.67426
28 60 598.53789
29 60 134.673238
30 60 -1426.89763
31 60 4121.10929
32 60 -3554.94954
33 60 1989.22356
34 60 558.830679
35 60 109.235127
36 60 -1880.25573
37 60 148059.482
38 60 -127387.702
39 60 -8309.30618
40 60 -122868.828
41 60 -60942.2874
42 60 -753097.991
43 60 984574.831
44 60 -860039.028
45 60 -38405.0192
46 60 -923295.786
47 60 -590693.148
48 60 -8825790.55
49 60 1060435.47
50 60 -899731.657
51 60 20369.5224
52 60 134052.93
53 60 -26369.4931
54 60 -10660008.1
55 60 -9030567.32
56 60 6735158.63
57 60 -846350.921
58 60 -517070.336
59 60 -466959.406
60 60 46460442
